16173,16252;Neuanfang;104
16240,16236;Ghost-0069Armee;120
16226,16272;GhostKorps;84
16292,16353;App3;93
16151,16335;Boba Fett;60
16171,16246;Abraham;110
16165,16246;Alaska;110
16174,16240;Alvin;116
16173,16228;Anthrax;128
16165,16242;Arizona;114
16167,16250;Arkansas;106
16172,16240;Aykuut;116
16170,16260;Bandidos;96
16199,16425;Bird;69
16170,16262;Bones;94
16169,16260;Boozefighters;96
16184,16233;Brunhilde;123
16263,16545;Brötchen;189
16169,16259;Cavemen;97
16169,16254;Colorado;102
16173,16251;Conan;105
16198,16440;Croover;84
16153,16229;Darth Vader;127
16170,16257;Devils Diciples;99
16196,16442;Donnerkuppel;86
16219,16424;Dumbo 2;68
16191,16460;Dumbo;104
16199,16423;Eagle;67
16171,16242;Eriol;114
16170,16244;Erna Schabulski;112
16170,16235;Flip;121
16170,16246;Flipper;110
16172,16249;Gargamel;107
16171,16244;Zora;106
