16171,16246;Abraham;175
16174,16240;Alvin;175
16173,16228;Anthrax;182
16172,16240;Aykuut;177
16199,16425;Bird;129
16263,16545;Brötchen;192
16173,16251;Conan;170
16198,16440;Croover;138
16196,16442;Donnerkuppel;141
16191,16460;Dumbo;155
16219,16424;Dumbo 2;109
16199,16423;Eagle;128
16171,16242;Eriol;177
16170,16244;Erna Schabulski;177
16201,16356;Fisch;93
16170,16235;Flip;181
16170,16246;Flipper;176
16172,16249;Gargamel;172
16197,16442;Gleis9;140
16174,16248;Guliver;171
16191,16419;H1;172
16200,16375;Helium;103
16200,16376;Hera;104
16172,16241;Herbert;176
16175,16246;HijikataToshizo;171
16173,16225;IronMaidon;183
16175,16433;Jano;157
16199,16439;Killer;136
16199,16472;Kranzberg12;153
16172,16236;Krash;179
16198,16444;Kursk;140
16171,16234;Maja;181
16172,16245;Maori;174
16174,16222;Metallica;184
16171,16247;Mombat;174
16172,16250;Neo;172
16173,16252;Neuanfang;170
16173,16226;Nirvana;183
16173,16233;Nordstern;179
16172,16247;Pfiffikus;173
16169,16246;Pinocchio;177
16171,16230;Puck;183
16171,16238;Ralf von Harpen;172
16175,16244;RB2;172
16173,16238;RB3;177
16173,16235;RB;178
16172,16237;Red Stone;178
16174,16242;Ronja;174
16198,16432;Roter Baron;134
16172,16243;Roter Baron2;175
16173,16231;Slayer;180
16198,16436;Songwriter;136
16174,16234;Starlett;178
16197,16432;Streicher;135
16172,16228;Thekla;183
16171,16232;Willi;172
16199,16226;Zeltlager1;157
16201,16225;Zeltlager2;155
16171,16244;Zora;176
16241,16370;Z6;60
16184,16233;Brunhilde;168
